-1.375845473465115987e-01 2.429780902913225304e+01
2.774014698231011877e+00 2.742269716320960526e+01
5.936613878772115882e+00 3.165048699166719359e+01
8.647413176378774935e+00 3.551064292199802708e+01
1.175981236992716283e+01 3.716499546356838835e+01
1.452081165452653799e+01 3.826789715794862445e+01
1.783401079604578854e+01 4.267950393546958310e+01
2.074561004162331557e+01 4.617202596767367595e+01
2.380780924817898381e+01 4.782637850924403722e+01
2.702060841571280747e+01 5.095126664332138944e+01
2.963100773933403786e+01 5.297325308301849134e+01
3.274340693288242221e+01 5.701722596241269514e+01
3.570520616545265824e+01 5.848776155491968609e+01
3.881760535900104969e+01 6.198028358712377894e+01
4.182960457856400183e+01 6.400227002682088084e+01
4.484160379812696107e+01 6.675952426277147822e+01
4.790380300468262931e+01 6.749479205902497370e+01
5.091580222424558855e+01 6.823005985527846917e+01
5.392780144380854068e+01 7.061968019310231170e+01
5.693980066337149282e+01 7.190639883654593234e+01
5.990159989594173595e+01 7.356075137811629361e+01
6.316459905046827572e+01 7.466365307249652972e+01
6.612639828303851175e+01 7.631800561406689098e+01
6.903799752861603167e+01 7.742090730844712709e+01
