6.892540322580646261e+01 2.372062380907328816e+01
6.585080645161291102e+01 2.495716042542255764e+01
6.292741935483871885e+01 2.866677027447053661e+01
5.990322580645161565e+01 2.990330689081980609e+01
5.697983870967742348e+01 3.402509561198422716e+01
5.395564516129033450e+01 3.732252658891570718e+01
5.088104838709678290e+01 4.020777869373074509e+01
4.785685483870968682e+01 4.268085192642939774e+01
4.483266129032259073e+01 4.639046177547731986e+01
4.195967741935484696e+01 4.886353500817591566e+01
3.893548387096775087e+01 5.174878711299101042e+01
3.586088709677419928e+01 5.463403921780604833e+01
3.283669354838710319e+01 5.875582793897041256e+01
2.996370967741935942e+01 5.999236455531973888e+01
2.693951612903226334e+01 6.246543778801839153e+01
2.391532258064516725e+01 6.493851102071698733e+01
2.079032258064516725e+01 6.823594199764846735e+01
1.766532258064516725e+01 7.029683635823067789e+01
1.474193548387096975e+01 7.194555184669644632e+01
1.186895161290322953e+01 7.276990959092927369e+01
8.844758064516133444e+00 7.565516169574436844e+01
5.618951612903229531e+00 7.689169831209369477e+01
2.745967741935485762e+00 7.771605605632652214e+01
-2.620967741935231743e-02 7.812823492844296425e+01
