6.865550208116547992e+01 4.194567325354509535e+01
6.561396548733959833e+01 4.498700822895727924e+01
6.292145768296914810e+01 4.672491392919280884e+01
5.992978234477976685e+01 5.049037627970311348e+01
5.673866198404441263e+01 5.324206030507603771e+01
5.359740287894555877e+01 5.555926790539007953e+01
5.075531130766565013e+01 5.874542835582188616e+01
4.786335848074922694e+01 6.193158880625368568e+01
4.477196063128687342e+01 6.424879640656772040e+01
4.197973031564343671e+01 6.656600400688176933e+01
3.878860995490809671e+01 7.018664088237244414e+01
3.569721210544572898e+01 7.250384848268649307e+01
3.275539802289283386e+01 7.496588155802015763e+01
2.961413891779397645e+01 7.655896178323605739e+01
2.642301855705862934e+01 7.858651843351084665e+01
2.363078824141519974e+01 7.988994770868748674e+01
2.078869667013528399e+01 8.046924960876600608e+01
1.769729882067291626e+01 8.119337698386414104e+01
1.470562348248353146e+01 8.191750435896227600e+01
1.151450312174818436e+01 8.307610815911928626e+01
8.672411550468268615e+00 8.452436290931557039e+01
5.481291189732921509e+00 8.655191955959034544e+01
2.389893340270557331e+00 8.742087240970812445e+01
-1.200117065556707274e+00 9.017255643508104868e+01
