-2.154047643003309531e-03 2.451818316958792821e+01
-2.905577483356651669e+00 2.698314796545804484e+01
-6.038218558731912822e+00 3.191307755719822126e+01
-8.941641994445575392e+00 3.396721488708999459e+01
-1.199787718993363228e+01 3.766466208089514112e+01
-1.482489474576007638e+01 3.766466208089514112e+01
-1.795753582113533753e+01 4.218376420665703108e+01
-2.109017689651059868e+01 4.588121140046217761e+01
-2.384078857244985272e+01 4.711369379839720750e+01
-2.712624140759952240e+01 4.998948606024566743e+01
-2.987685308353876223e+01 5.245445085611578406e+01
-3.285668239913962907e+01 5.574107058394258729e+01
-3.591291759462768596e+01 5.984934524372607711e+01
-3.896915279011574285e+01 6.108182764166116385e+01
-4.187257622582939121e+01 6.231431003959619375e+01
-4.508162318109185662e+01 6.601175723340134027e+01
-4.790864073691830782e+01 6.765506709731477031e+01
-5.104128181229356898e+01 6.765506709731477031e+01
-5.402111112789442871e+01 6.929837696122814350e+01
-5.692453456360807706e+01 6.929837696122814350e+01
-6.005717563898333822e+01 7.217416922307660343e+01
-6.288419319480979652e+01 7.217416922307660343e+01
-6.601683427018505768e+01 7.463913401894672006e+01
-6.899666358578591030e+01 7.710409881481677985e+01
