6.217073086770597001e-02 7.573279997837744304e+00
-2.838313664928534763e+00 1.568171682635784236e+01
-6.002478460342629774e+00 2.338473181345187868e+01
-8.902962856138884717e+00 3.068232495911996693e+01
-1.206712765155297973e+01 3.838533994621406009e+01
-1.509945224715815471e+01 4.406124572617807189e+01
-1.832953714247670973e+01 5.014257334756814544e+01
-2.129594163817742469e+01 5.541305728610620918e+01
-2.393274563435583957e+01 5.865643201751424840e+01
-2.670138983034316027e+01 6.149438490749628272e+01
-2.993147472566171530e+01 6.635944700460828471e+01
-3.289787922136243026e+01 7.162993094314634845e+01
-3.566652341734976517e+01 7.690041488168441219e+01
-3.916028871228616026e+01 7.811668040596242690e+01
-4.186301280836903516e+01 8.217089882022247593e+01
-4.489533740397421013e+01 8.500885171020445341e+01
-4.852094289871952526e+01 9.149560117302053186e+01
-5.030078559613995282e+01 9.149560117302053186e+01
-5.366271069126742788e+01 9.149560117302053186e+01
-5.695871568649044292e+01 9.149560117302053186e+01
-6.005696038200007791e+01 9.149560117302053186e+01
-6.282560457798740572e+01 9.392813222157656128e+01
-6.612160957321042076e+01 9.514439774585457599e+01
-6.915393416881559574e+01 9.554981958728058089e+01
