-1.660596600763319941e-02 6.891389819221444668e+00
-2.881866762053419961e+00 1.592974134346025039e+01
-5.897930757891089115e+00 2.574280871263377435e+01
-9.064797953520638885e+00 3.348996716198132617e+01
-1.203059421609434665e+01 3.891297807652458118e+01
-1.489585501214013519e+01 4.433598899106786462e+01
-1.811298994103364635e+01 4.846780683071989415e+01
-2.097825073707943488e+01 5.182490882543714861e+01
-2.399431473291710404e+01 5.647320389504565696e+01
-2.706064646201873103e+01 6.034678311971944709e+01
-2.997617499132847740e+01 6.422036234439320879e+01
-3.299223898716614656e+01 6.835218018404520990e+01
-3.595803524973985787e+01 7.454990694352323999e+01
-3.912490244536940764e+01 7.713229309330574779e+01
-4.188962777488727340e+01 8.178058816291428457e+01
-4.510676270378078812e+01 8.746183769243580741e+01
-4.802229123309053449e+01 8.978598522724006159e+01
-5.078701656260840025e+01 9.133541691710956911e+01
-5.405441922476586569e+01 9.004422384221831521e+01
-5.691968002081165423e+01 9.107717830213131549e+01
-5.998601174991328833e+01 9.133541691710956911e+01
-6.325341441207076798e+01 9.520899614178334502e+01
-6.611867520811655652e+01 9.675842783165285255e+01
-6.918500693721817640e+01 9.856609813650059948e+01
