-1.940957192451264746e-02 6.400259469978493598e+00
-2.762438351108173151e+00 1.586010243658526520e+01
-5.799363070918658991e+00 2.261713312701866130e+01
-9.032218417813695055e+00 3.153641363839074074e+01
-1.167728188345508045e+01 3.829344432882413685e+01
-1.481217191680784140e+01 4.315850642593619568e+01
-1.765316600953377701e+01 4.829384975066557217e+01
-2.078805604288653797e+01 5.234806816492559278e+01
-2.940900363460661993e+01 6.397016095247104772e+01
-3.244592835441710577e+01 6.964606673243508794e+01
-3.587471432839669205e+01 7.532197251239915659e+01
-3.851977779403807745e+01 7.829506601618984973e+01
-4.155670251384856329e+01 8.234928443044987034e+01
-4.498548848782814957e+01 8.775490898279659291e+01
-4.792444789409636030e+01 8.937659634850061252e+01
-5.076544198682229592e+01 9.234968985229130567e+01
-5.252881763058323372e+01 9.234968985229130567e+01
-5.605556891810508091e+01 9.505250212846468116e+01
-5.899452832437329164e+01 9.613362703893400862e+01
-6.242331429835287793e+01 9.613362703893400862e+01
-6.634192684004382556e+01 9.748503317702068216e+01
-6.879105967860067494e+01 9.964728299795936550e+01
