-6.892563752743504324e+01 4.153681906023217607e+01
-6.548160989899787410e+01 4.505047501925753295e+01
-6.280292174354674728e+01 4.640188115734420649e+01
-5.993289871984910633e+01 4.883441220590023590e+01
-5.677587339378170839e+01 5.234806816492559278e+01
-5.352318063359105338e+01 5.532116166871628593e+01
-5.084449247813992656e+01 5.829425517250697908e+01
-4.787880202031902854e+01 6.099706744868035457e+01
-4.500877899662140180e+01 6.342959849723638399e+01
-4.185175367055398965e+01 6.613241077340973106e+01
-3.879039577860984878e+01 6.964606673243508794e+01
-3.611170762315872196e+01 7.045691041528709775e+01
-3.314601716533782394e+01 7.343000391907779090e+01
-2.998899183927042600e+01 7.424084760192980070e+01
-2.673629907907977099e+01 7.775450356095518600e+01
-2.377060862125887297e+01 7.937619092665917719e+01
-2.099625303168448909e+01 7.991675338189386935e+01
-1.716955566675430589e+01 7.964647215427652327e+01
-1.487353724779619313e+01 8.018703460951118700e+01
-1.171651192172879519e+01 8.261956565806721642e+01
-8.750821463907897169e+00 8.397097179615388995e+01
-5.880798440210270428e+00 8.532237793424056349e+01
-2.628105680019615420e+00 8.532237793424056349e+01
2.419173436780397424e-01 8.586294038947525564e+01
