5.510418196416671321e+01 1.037879914050563457e+00
5.406785922691386759e+01 3.875832804032597778e+00
5.305744455809235660e+01 6.984066921631949754e+00
5.204702988927083140e+01 9.686879197805311037e+00
5.108843135731194707e+01 1.198426963255266742e+01
5.000029248319647479e+01 1.522764436396069243e+01
4.891215360908098830e+01 1.820073786775139979e+01
4.805718735084739279e+01 2.117383137154209294e+01
4.707268075045719513e+01 2.414692487533278609e+01
4.601044994477302907e+01 2.644431531008014247e+01
4.489640300222622926e+01 2.874170574482748464e+01
4.393780447026735203e+01 2.982283065529684052e+01
4.303102207517111566e+01 3.130937740719218709e+01
4.209833161164355886e+01 3.279592415908753367e+01
4.106200887439072034e+01 3.360676784193954347e+01
4.005159420556920224e+01 3.482303336621754397e+01
3.911890374204163834e+01 3.536359582145222191e+01
3.797894873106351810e+01 3.617443950430423172e+01
3.694262599381067957e+01 3.685014257334756849e+01
3.608765973557708406e+01 3.752584564239090525e+01
3.494770472459896382e+01 3.793126748381691016e+01
3.398910619264007948e+01 3.806640809762558320e+01
3.305641572911252268e+01 3.833668932524291506e+01
3.204600106029100459e+01 3.887725178047759300e+01
