-1.775208586518482434e+01 3.976809870670422242e+00
-2.094159569535203502e+01 1.260418665621580203e+01
-2.390328339479302144e+01 1.917742611186940849e+01
-2.663714896350778361e+01 2.533983810154461480e+01
-2.967477737319084952e+01 2.985894022730650477e+01
-3.294022791360013969e+01 3.437804235306833789e+01
-3.597785632328320560e+01 3.930797194480857115e+01
-3.893954402272419202e+01 4.423790153654874757e+01
-4.182529101192309895e+01 5.040031352622401073e+01
-4.493886013184824435e+01 5.286527832209412736e+01
-4.805242925177338265e+01 5.368693325405081396e+01
-5.101411695121436907e+01 5.533024311796424399e+01
-5.420362678138158685e+01 5.820603537981270392e+01
-5.716531448082257327e+01 6.067100017568276371e+01
-5.997512075977940782e+01 6.067100017568276371e+01
-6.324057130018869799e+01 6.149265510763950715e+01
-6.612631828938761203e+01 6.395761990350956694e+01
-6.908800598882859845e+01 6.477927483546631038e+01
