-3.283700137138366415e+01 4.592632559110882084e+00
-2.996414284706115438e+01 1.041278902803031770e+01
-2.664240017831325247e+01 1.676205063048786315e+01
-2.394909531176089956e+01 2.258220709940729876e+01
-2.080690630078315451e+01 2.840236356832673437e+01
-1.793404777646064474e+01 3.422252003724616998e+01
-1.479185876548289968e+01 4.057178163970371543e+01
-1.182922341227531149e+01 4.480462270800876468e+01
-9.046141716837880153e+00 4.850835864277564724e+01
-6.083506363630291958e+00 4.797925350923753740e+01
-2.941317352652546901e+00 4.956656890985192376e+01
1.110948294401197245e-01 4.956656890985192376e+01
