-2.982049992084502321e+01 1.201662175851583925e+01
-2.673217700719831669e+01 1.830146577447601430e+01
-2.393113994598387251e+01 2.207237218405214207e+01
-2.077099556922911461e+01 2.751923699788432032e+01
-1.796995850801465622e+01 3.254711221065247173e+01
-1.495345705747602949e+01 4.050791463086875410e+01
-1.186513414382932297e+01 4.469781064150885186e+01
-9.064097082614878786e+00 5.140164425853305374e+01
-6.119417095184303435e+00 5.056366505640505693e+01
-3.031094181537611121e+00 5.391558186491715787e+01
5.722873210909540376e-02 5.433457146598118470e+01
